0 0 0 0 0 0 0 0 
0 0 0 0 0 0 0 0 
0 0 0 0 0 0 0 0 
0 0 0 0 0 0 0 0 
0 0 0 0 0 0 0 0 
0 0 0 0 0 0 0 0 
0 0 0 0 0 0 0 0 
0 0 0 0 0 0 0 0 
64 0
0 0 0 0 0 0 0 0 
0 0 0 0 0 0 0 0 
0 0 0 0 0 0 0 0 
0 0 0 0 0 0 0 0 
0 0 0 0 0 0 0 0 
0 0 0 0 0 0 0 0 
0 0 0 0 0 0 0 0 
0 0 0 0 0 0 0 0 
64 0
0 0 0 0 0 0 0 0 
0 0 0 0 0 0 0 0 
0 0 0 0 0 0 0 0 
0 0 0 0 0 0 0 0 
0 0 0 0 0 0 0 0 
0 0 0 0 0 0 0 0 
0 0 0 0 0 0 0 0 
0 0 0 0 0 0 0 0 
64 0
0 0 0 0 0 0 0 0 
0 0 0 0 0 0 0 0 
0 0 0 0 0 0 0 0 
0 0 0 0 0 0 0 0 
0 0 0 0 0 0 0 0 
0 0 0 0 0 0 0 0 
0 0 0 0 0 0 0 0 
0 0 0 0 0 0 0 0 
64 0
0 0 0 0 0 0 0 0 
0 0 0 0 0 0 0 0 
0 0 0 0 0 0 0 0 
0 0 0 0 0 0 0 0 
0 0 0 0 0 0 0 0 
0 0 0 0 0 0 0 0 
0 0 0 0 0 0 0 0 
0 0 0 0 0 0 0 0 
64 0
0 0 0 0 0 0 0 0 
0 0 0 0 0 0 0 0 
0 0 0 0 0 0 0 0 
0 0 0 0 0 0 0 0 
0 0 0 0 0 0 0 0 
0 0 0 0 0 0 0 0 
0 0 0 0 0 0 0 0 
0 0 0 0 0 0 0 0 
64 0
0 0 0 0 0 0 0 0 
0 0 0 0 0 0 0 0 
0 0 0 0 0 0 0 0 
0 0 0 0 0 0 0 0 
0 0 0 0 0 0 0 0 
0 0 0 0 0 0 0 0 
0 0 0 0 0 0 0 0 
0 0 0 0 0 0 0 0 
64 0
0 0 0 0 0 0 0 0 
0 0 0 0 0 0 0 0 
0 0 0 0 0 0 0 0 
0 0 0 0 0 0 0 0 
0 0 0 0 0 0 0 0 
0 0 0 0 0 0 0 0 
0 0 0 0 0 0 0 0 
0 0 0 0 0 0 0 0 
64 0
63 0 0 0 0 0 0 0 
0 0 0 0 0 0 0 0 
0 64 0 0 0 0 0 0 
0 0 0 0 0 0 0 0 
0 0 0 0 0 0 0 0 
0 0 0 0 0 0 0 0 
0 0 0 0 0 0 0 0 
0 0 0 0 0 0 0 0 
64 0
0 0 0 0 63 0 0 0 
0 0 0 0 0 0 64 0 
0 0 0 0 0 0 0 0 
0 0 0 0 0 0 0 0 
0 0 0 0 0 0 0 0 
0 0 0 0 0 0 0 0 
0 0 0 0 0 0 0 0 
0 0 0 0 0 0 0 0 
64 0
0 0 0 0 64 0 0 0 
0 0 0 0 0 0 63 0 
0 0 0 0 0 0 0 0 
0 0 0 0 0 0 0 0 
0 0 0 0 0 0 0 0 
0 0 0 0 0 0 0 0 
0 0 0 0 0 0 0 0 
0 0 0 0 0 0 0 0 
64 0
0 0 63 0 0 0 0 0 
64 0 0 0 0 0 0 0 
0 0 0 0 0 0 0 0 
0 1 0 0 0 0 0 0 
0 0 0 0 0 0 0 0 
0 0 0 0 0 0 0 0 
0 0 0 0 0 0 0 0 
0 0 0 0 0 0 0 0 
64 0
1 22 3 18 25 30 13 16 
4 19 24 29 14 17 34 31 
23 2 21 26 49 32 15 12 
20 5 56 39 28 35 50 33 
57 40 27 48 61 54 11 36 
6 43 60 55 38 47 64 51 
41 58 45 8 53 62 37 10 
44 7 42 59 46 9 52 63 
64 0
5 2 7 34 21 46 17 44 
8 35 4 1 18 43 22 47 
3 6 33 42 49 20 45 16 
36 9 62 19 56 41 48 23 
61 32 57 40 63 50 15 52 
10 37 64 55 58 53 24 27 
31 60 39 12 29 26 51 14 
38 11 30 59 54 13 28 25 
64 0
23 46 25 6 21 18 35 4 
26 7 22 47 36 5 20 17 
45 24 49 38 19 60 3 34 
8 27 44 57 48 37 16 61 
43 54 39 50 59 56 33 2 
28 9 58 55 40 13 62 15 
53 42 11 30 51 64 1 32 
10 29 52 41 12 31 14 63 
64 0
14 11 34 29 16 1 20 23 
33 30 15 12 35 22 17 2 
10 13 32 51 28 19 24 21 
31 52 39 36 57 60 3 18 
38 9 56 59 50 27 62 25 
53 40 37 44 61 58 49 4 
8 45 42 55 6 47 26 63 
41 54 7 46 43 64 5 48 
64 0
1 22 3 18 25 30 13 16 
4 19 24 29 14 17 34 31 
23 2 21 26 49 32 15 12 
20 5 56 39 28 35 50 33 
57 40 27 48 61 54 11 36 
6 43 60 55 38 47 64 51 
41 58 45 8 53 62 37 10 
44 7 42 59 46 9 52 63 
64 0
39 26 23 10 35 6 21 8 
24 11 38 41 22 9 34 5 
27 40 25 36 33 60 7 20 
12 37 42 57 46 19 4 59 
43 28 47 32 61 58 53 18 
48 13 56 45 54 1 64 3 
29 44 15 50 31 62 17 52 
14 49 30 55 16 51 2 63 
64 0
35 6 37 32 17 8 19 22 
38 51 34 7 44 21 16 9 
5 36 31 58 33 18 23 20 
50 39 52 43 30 45 10 15 
53 4 57 46 59 14 29 24 
40 49 42 1 56 27 62 11 
3 54 47 60 13 64 25 28 
48 41 2 55 26 61 12 63 
64 0
1 22 3 18 25 30 13 16 
4 19 24 29 14 17 34 31 
23 2 21 26 49 32 15 12 
20 5 56 39 28 35 50 33 
57 40 27 48 61 54 11 36 
6 43 60 55 38 47 64 51 
41 58 45 8 53 62 37 10 
44 7 42 59 46 9 52 63 
64 0
1 22 3 18 25 30 13 16 
4 19 24 29 14 17 34 31 
23 2 21 26 49 32 15 12 
20 5 56 39 28 35 50 33 
57 40 27 48 61 54 11 36 
6 43 60 55 38 47 64 51 
41 58 45 8 53 62 37 10 
44 7 42 59 46 9 52 63 
64 0
33 30 21 6 25 2 19 4 
22 7 32 29 20 5 26 1 
31 34 45 24 37 28 3 18 
8 23 36 55 46 43 38 27 
35 54 47 44 61 56 17 42 
12 9 60 53 50 41 64 39 
59 48 11 14 57 62 51 16 
10 13 58 49 52 15 40 63 
64 0
44 17 46 21 34 7 2 5 
47 22 43 18 1 4 35 8 
16 45 20 49 42 33 6 3 
23 48 41 56 19 62 9 36 
52 15 50 63 40 57 32 61 
27 24 53 58 55 64 37 10 
14 51 26 29 12 39 60 31 
25 28 13 54 59 30 11 38 
64 0
38 11 42 53 26 13 28 17 
43 52 39 12 41 16 25 14 
10 37 54 63 58 27 18 29 
51 44 59 40 55 64 15 24 
36 9 62 57 60 23 30 19 
47 50 45 22 33 56 1 4 
8 35 48 61 6 3 20 31 
49 46 7 34 21 32 5 2 
64 0
