501 760
324 784
645 572
53 501
174 932
419 133
62 760
714 535
698 359
522 448
569 48
53 792
861 541
680 48
976 581
17 339
950 221
175 986
971 940
28 492
984 233
215 89
316 727
570 499
940 199
447 145
201 988
734 228
367 192
730 752
0 154
757 581
807 458
499 744
690 973
795 611
640 731
644 560
71 803
713 257
526 791
803 40
43 966
573 745
14 202
372 935
906 778
936 801
935 2
596 449
136 323
339 607
386 48
526 213
435 789
928 343
934 727
598 4
962 44
504 824
951 198
838 773
365 30
252 936
409 781
474 9
573 936
601 813
637 79
196 653
938 780
911 27
743 991
521 796
397 493
434 480
248 729
773 94
139 594
360 380
791 177
221 281
34 559
65 351
372 823
238 271
914 34
102 107
567 194
111 248
47 148
352 321
314 1000
784 656
596 629
571 263
837 865
725 853
775 577
953 532
323 201
200 4
323 129
537 503
768 471
664 799
158 311
693 476
831 380
218 244
418 517
932 278
78 456
845 859
337 919
304 265
816 107
577 117
341 10
558 786
427 881
1 318
585 770
354 446
884 673
216 37
149 501
367 713
666 996
411 613
603 916
298 356
625 469
62 440
938 169
827 957
184 385
539 628
567 213
578 355
103 57
616 520
719 160
363 950
381 338
259 514
820 502
359 783
379 463
135 483
960 469
700 168
127 623
68 987
531 405
386 303
30 359
170 984
156 532
31 853
565 655
339 596
45 430
162 259
276 613
884 850
592 935
767 641
611 386
18 935
154 691
756 296
543 252
626 108
968 761
377 737
992 804
278 845
881 635
332 165
451 498
32 957
392 103
584 719
118 462
37 936
981 539
107 129
133 676
872 828
282 335
188 805
66 143
893 759
891 370
164 460
329 495
3 453
636 65
323 909
60 488
112 523
202 386
602 802
128 145
17 842
401 97
48 753
585 685
899 67
630 32
602 254
332 296
219 345
732 847
645 808
672 546
913 84
99 1000
181 524
407 60
721 45
348 905
111 28
955 636
735 347
258 156
901 182
38 686
932 488
32 825
339 147
767 28
862 7
311 411
536 250
744 851
803 541
395 165
640 837
212 481
155 946
418 824
424 493
746 341
93 467
704 700
85 827
434 717
611 780
289 471
132 713
269 55
909 280
940 274
142 440
795 658
502 774
216 308
41 232
921 324
494 979
502 861
126 591
801 846
108 807
146 353
941 874
158 834
999 880
499 648
739 990
184 914
437 659
205 882
87 41
685 128
13 445
208 208
399 570
474 620
61 57
478 755
590 227
577 117
212 435
551 232
494 87
313 824
895 780
389 759
936 474
68 163
47 522
518 634
948 605
129 434
257 357
427 946
47 907
381 745
146 616
668 620
552 523
146 508
537 566
674 24
116 39
889 553
530 883
49 359
921 698
242 223
604 648
768 916
939 88
712 15
367 247
660 181
135 342
754 129
823 892
607 578
79 766
781 902
472 210
748 3
347 838
344 850
127 647
184 181
587 962
936 706
256 983
89 981
940 114
332 57
616 407
724 706
207 725
857 483
625 340
872 618
177 300
989 509
267 66
265 66
157 676
183 948
775 405
862 834
982 763
688 670
691 960
464 391
153 539
564 894
556 262
22 226
429 864
757 926
443 844
121 578
57 381
208 511
123 484
626 110
277 483
468 519
287 885
479 406
908 749
923 358
199 104
762 892
734 625
952 868
779 743
619 378
476 115
695 323
65 93
659 447
641 91
93 349
169 848
571 445
696 749
107 874
557 282
183 612
562 100
222 813
194 256
537 793
662 190
518 205
11 717
725 397
8 939
127 808
292 273
414 69
481 603
682 5
159 786
218 367
652 903
917 729
205 20
743 852
414 72
372 173
340 178
404 445
321 989
13 629
885 657
121 336
994 770
409 27
266 518
382 842
249 592
404 378
211 985
270 563
271 982
983 694
441 268
164 271
113 967
188 936
934 135
732 203
831 887
506 291
526 915
281 702
351 439
305 502
649 903
668 535
975 858
700 378
89 1
625 327
124 326
429 533
223 739
250 563
498 936
708 500
455 522
833 212
983 747
622 856
672 607
442 430
317 847
183 446
877 162
797 822
842 948
503 128
401 594
470 136
920 968
250 958
186 944
671 355
802 479
222 253
989 65
778 770
110 742
949 533
948 538
13 356
957 856
401 337
125 781
745 180
209 188
945 457
366 510
496 979
687 729
294 198
488 256
501 439
13 94
729 3
464 685
378 759
755 131
431 112
400 536
560 229
458 884
227 551
486 51
169 608
10 952
708 907
150 170
429 644
577 209
957 148
975 958
494 919
646 210
853 774
970 360
510 488
386 743
535 320
315 280
893 86
152 112
716 602
125 784
116 853
217 424
671 420
422 523
194 338
748 778
535 391
431 164
611 765
370 747
561 826
21 927
163 832
678 621
130 416
706 860
287 44
507 726
61 410
494 911
450 37
948 176
169 402
55 169
690 693
968 834
195 206
884 469
392 79
587 119
525 37
342 77
774 205
11 64
404 632
648 79
455 334
959 715
449 735
939 344
262 4
764 440
229 593
617 7
935 555
762 196
774 291
694 751
38 245
939 179
24 82
697 797
908 992
976 139
772 841
763 56
225 993
732 719
553 287
544 994
936 138
767 107
320 83
139 779
518 855
846 753
153 196
733 933
559 487
474 693
578 472
503 506
9 700
456 924
627 382
304 715
594 242
921 744
701 720
757 852
332 577
828 291
296 35
530 568
473 434
45 935
560 955
493 939
660 682
573 836
387 784
747 324
134 213
406 946
881 391
687 328
168 33
339 857
599 954
33 178
64 668
573 982
848 618
497 261
294 390
373 27
716 244
658 694
955 750
380 552
436 894
880 841
851 834
278 532
622 503
122 133
64 7
593 605
906 697
871 11
8 256
215 247
100 115
752 302
841 727
966 492
248 532
848 859
607 121
424 334
600 763
252 169
768 825
496 941
698 434
565 574
659 516
93 777
82 867
774 837
997 577
930 151
72 336
939 801
245 283
416 244
8 312
929 369
910 667
291 302
599 205
563 37
678 304
662 215
118 209
622 350
327 243
469 558
378 878
467 375
672 959
51 140
559 425
961 533
385 44
461 922
399 740
267 408
926 465
536 543
90 62
111 685
877 230
802 437
904 539
771 725
442 943
912 155
796 590
770 273
608 991
182 757
432 266
352 541
344 38
319 903
933 119
764 691
555 296
134 302
301 323
129 879
238 427
467 711
858 956
714 676
763 315
3 666
710 659
373 607
853 607
434 433
416 529
885 247
687 823
259 543
179 575
531 950
0 476
633 289
748 188
260 415
956 764
933 346
972 3
376 653
753 776
92 35
956 699
509 305
592 218
651 721
917 582
860 88
143 730
513 695
690 631
275 147
79 819
690 735
254 734
144 528
156 591
761 546
555 21
815 692
176 872
174 915
87 927
103 723
375 297
246 742
631 413
227 628
761 730
981 630
883 66
334 452
70 377
106 898
829 449
681 891
398 538
953 862
781 939
513 683
872 464
775 252
675 477
857 711
710 666
339 568
808 300
523 866
278 118
425 552
803 859
617 8
380 656
107 600
623 843
105 703
238 155
635 951
408 340
59 986
729 954
202 149
722 637
468 203
108 25
127 997
971 590
203 517
675 398
774 58
908 840
425 429
183 614
767 703
517 344
851 936
715 622
350 671
535 404
588 148
884 29
2 130
987 23
394 532
150 909
207 303
297 81
2 727
633 93
625 345
801 428
206 515
987 901
569 82
902 780
237 110
924 405
392 297
345 538
608 935
487 785
872 382
630 799
351 44
670 485
287 545
396 907
569 366
264 448
62 102
744 575
767 780
835 299
369 772
22 752
631 117
843 355
303 792
615 991
828 146
395 733
613 153
667 909
535 893
59 701
101 635
768 490
315 902
813 52
113 706
372 970
692 712
592 214
344 541
422 852
540 169
691 951
684 671
828 692
596 821
52 433
963 198
367 792
744 814
2 591
325 20
816 352
103 931
48 568
782 78
98 309
803 447
919 248
856 777
608 268
233 975
339 451
36 203
348 148
291 911
809 149
257 957
492 752
383 198
757 646
780 170
630 780
906 768
980 844
374 837
561 944
747 676
649 141
573 851
748 663
807 193
44 718
731 305
590 714
17 353
424 562
50 665
632 663
546 467
245 266
271 40
623 348
148 75
185 630
929 300
494 148
37 950
588 638
10 667
547 139
802 516
273 102
623 626
150 555
150 233
82 348
61 923
225 89
342 5
743 183
570 566
817 258
52 844
435 901
556 311
76 206
323 68
721 928
880 654
236 821
409 239
145 424
917 42
356 629
750 176
669 748
736 152
69 184
855 941
319 316
482 630
693 662
664 265
686 911
233 958
531 185
572 855
990 855
339 228
86 709
78 255
858 806
187 109
675 242
444 53
430 322
304 48
408 440
552 7
382 993
250 983
630 73
849 487
566 299
718 53
956 87
843 819
768 752
597 28
792 403
267 763
350 186
83 105
906 554
954 644
397 929
476 251
582 236
511 460
507 503
84 29
723 199
383 795
518 109
931 765
450 952
81 478
558 58
376 293
780 48
944 341
983 886
643 944
118 463
662 36
192 969
274 889
673 675
418 945
96 865
374 976
10 63
97 512
625 888
228 830
725 358
480 450
54 899
150 607
771 5
25 342
196 620
959 348
83 181
871 896
229 346
630 10
552 908
339 231
589 310
473 254
793 32
96 512
217 448
440 682
218 960
482 221
311 463
357 504
538 495
835 280
349 940
384 784
593 648
35 191
495 343
75 723
130 970
835 936
407 24
91 559
588 194
371 625
736 779
494 694
567 111
437 490
822 806
743 24
338 55
479 223
416 712
687 841
939 780
744 249
550 203
32 393
980 667
407 554
227 866
871 729
645 547
339 439
503 356
869 388
238 250
940 560
108 14
962 507
64 837
243 360
729 507
133 117
418 718
554 827
268 118
258 95
273 36
395 203
129 415
246 462
146 520
400 710
999 360
154 206
181 871
838 652
447 183
32 671
210 750
850 851
913 324
223 922
582 244
12 848
824 739
147 452
383 812
215 754
816 995
987 337
450 616
83 24
613 411
54 786
461 558
11 347
748 467
372 424
106 653
954 454
717 678
174 37
275 61
27 419
607 690
361 641
215 720
831 296
31 690
709 170
566 741
459 308
795 735
9 397
217 183
341 464
885 422
333 969
864 67
635 839
921 416
348 349
5 810
356 352
566 10
204 257
591 829
773 971
535 64
352 774
179 524
387 205
870 881
937 319
464 489
343 782
168 669
368 786
604 925
633 796
913 348
813 37
300 364
786 531
613 881
612 246
875 185
777 44
604 487
625 537
744 56
629 433
969 183
727 410
549 471
431 464
553 263
595 276
151 540
259 311
4 382
838 368
929 766
429 742
501 685
614 416
270 532
744 340
816 99
920 72
398 239
329 344
233 395
78 144
470 275
253 598
865 726
640 630
87 362
167 144
846 26
234 455
434 694
42 661
263 990
450 802
472 4
306 809
635 214
822 543
402 585
32 900
634 401
997 537
972 780
74 72
182 748
31 809
908 322
413 824
845 669
825 976
234 156
698 258
571 66
498 575
324 979
167 311
777 711
401 158
826 434
826 880
685 88
862 840
187 495
711 745
760 936
548 764
966 471
923 909
877 713
80 844
16 710
394 458
792 573
370 367
445 458
82 518
620 580
1000 439
508 577
424 371
4 678
749 386
511 176
129 146
167 655
571 162
515 297
983 823
624 99
44 364
644 803
435 867
17 194
361 914
641 718
595 846
45 802
654 404
900 93
595 285
393 476
5 116
866 86
492 882
426 752
456 774
858 295
999 951
757 442
553 845
867 900
229 676
764 793
199 181
275 216
119 390
618 738
403 858
722 226
969 499
273 234
867 113
265 996
459 517
770 465
719 207
927 270
225 624
122 418
194 580
804 248
494 592
435 387
189 460
270 395
274 450
892 682
698 711
662 596
6 85
117 338
778 99
296 90
802 534
824 28
607 550
51 559
398 512
532 884
520 186
881 500
429 936
0 17
204 956
719 449
607 251
913 515
311 382
366 687
155 702
665 11
705 773
998 91
530 264
418 410
624 591
749 59
229 54
751 495
624 936
216 53
514 934
62 91
228 357
949 648
211 136
71 533
96 678
653 420
249 989
986 181
344 50
373 832
707 768
818 967
121 74
218 73
884 629
682 373
480 896
772 975
648 626
891 169
529 455
463 331
797 90
175 983
650 757
276 233
965 3
754 428
317 484
479 550
701 830
493 998
173 153
584 534
288 157
591 201
409 95
763 152
260 557
499 640
372 531
30 25
776 911
592 216
188 499
955 912
905 126
377 635
625 510
224 991
178 956
310 773
772 334
753 638
243 679
986 724
5 733
1000 315
744 949
207 162
407 150
346 72
422 556
864 913
308 965
883 84
160 289
926 458
806 413
384 100
152 491
311 547
389 322
109 989
674 280
833 664
146 518
274 363
525 741
896 302
681 514
63 2
717 502
391 124
958 200
222 347
497 532
724 168
443 179
378 87
382 5
572 965
547 391
529 718
4 50
605 870
686 216
852 68
67 712
719 566
668 977
454 268
482 940
803 785
769 844
438 397
911 572
956 536
55 619
58 159
461 914
795 682
414 911
825 962
772 44
690 473
180 254
225 479
676 331
901 728
292 995
504 449
500 855
194 377
424 602
29 652
559 328
697 669
619 475
155 258
264 569
457 224
892 998
865 390
121 953
536 322
51 504
569 842
676 152
797 782
311 917
853 696
869 372
568 973
538 502
489 412
908 289
167 673
101 558
124 189
206 167
419 125
391 529
303 768
783 587
62 976
950 856
320 482
423 445
548 638
322 124
488 955
876 774
830 80
853 328
523 409
508 502
716 864
385 204
736 786
241 924
372 160
789 864
958 49
926 372
189 702
670 474
561 243
461 591
799 413
615 38
847 706
894 935
824 413
665 687
825 873
688 627
661 747
49 922
273 718
348 886
796 923
831 770
194 304
207 12
296 106
139 771
795 191
596 324
917 830
210 342
615 250
267 862
366 786
331 424
535 38
438 103
902 778
674 855
482 597
142 259
712 131
316 489
223 543
272 920
866 947
690 725
430 786
989 148
136 129
822 243
571 865
910 233
786 448
480 48
930 155
461 6
128 818
635 297
955 744
201 593
957 615
744 339
658 666
193 868
790 778
648 177
144 277
271 414
103 715
658 501
750 982
354 587
156 295
962 427
53 819
344 110
363 556
783 903
138 981
181 730
442 135
295 233
802 168
853 727
800 896
594 650
812 174
918 337
541 129
219 352
430 271
40 108
179 705
566 673
359 831
584 339
322 330
26 393
362 267
203 785
628 805
436 34
540 816
872 497
893 659
156 906
652 686
992 954
618 386
522 83
664 687
915 644
993 224
966 933
892 458
150 535
455 275
520 762
486 831
854 317
439 763
962 519
760 576
730 599
470 129
665 93
335 895
729 288
422 830
805 211
523 9
717 830
77 148
694 123
427 94
665 840
86 126
370 167
256 301
744 76
315 606
133 403
666 574
835 141
899 644
979 443
154 76
306 753
637 241
582 957
670 478
887 214
703 128
747 583
22 811
424 103
204 39
456 108
1 425
400 431
242 507
934 325
317 940
421 52
259 857
653 764
221 139
851 400
491 986
76 914
980 919
978 849
634 514
632 741
522 426
435 66
482 599
592 497
723 343
903 976
621 828
942 713
736 213
282 437
905 692
658 324
537 844
981 836
334 529
13 254
119 601
919 123
313 787
304 425
871 865
833 935
458 876
128 867
63 913
0 934
534 813
725 613
241 752
315 643
861 555
465 292
308 326
838 923
409 483
906 669
329 606
44 146
357 285
549 328
645 297
787 890
351 373
253 599
313 646
892 443
365 143
468 494
62 77
895 373
980 718
366 535
350 665
242 438
806 63
906 503
242 631
629 648
377 642
609 770
922 404
464 570
284 299
998 820
102 645
270 332
368 714
150 29
377 311
927 157
48 538
609 809
689 935
787 294
502 962
376 7
372 67
467 568
986 86
373 361
904 901
24 212
736 928
912 878
646 141
114 157
815 498
218 994
302 874
92 935
506 793
198 277
151 763
113 615
625 859
896 56
438 18
148 922
179 722
94 756
100 882
470 60
177 381
419 907
292 348
62 46
506 763
381 466
556 253
984 327
441 948
702 849
395 531
229 50
37 296
568 612
433 774
126 173
0 166
955 681
488 865
25 496
920 713
647 669
167 689
595 586
915 890
370 67
235 728
666 532
851 344
524 918
691 34
217 431
873 936
589 552
433 587
219 519
7 549
240 274
160 62
31 160
211 956
682 95
715 418
116 841
936 557
224 191
494 616
410 115
412 300
5 146
791 335
269 578
208 163
899 486
572 450
72 786
19 898
37 471
246 600
756 431
535 20
249 743
942 112
338 370
440 461
329 158
130 879
455 975
643 876
683 803
870 842
77 295
140 659
827 291
89 726
17 742
104 559
867 659
356 998
354 627
486 210
487 677
196 389
365 126
376 526
437 859
26 115
752 37
425 992
419 136
605 818
248 437
209 253
206 188
241 492
565 79
123 239
827 355
283 398
255 895
961 438
797 195
77 79
952 910
84 956
529 63
440 550
84 442
66 876
821 35
800 718
575 597
714 954
600 545
568 391
178 155
458 179
904 407
719 872
272 97
138 968
608 590
273 129
579 692
742 471
206 700
245 839
508 111
385 84
430 966
751 763
435 968
565 89
414 106
456 905
273 805
805 70
327 496
533 917
775 922
922 430
511 172
378 96
345 128
158 517
95 773
647 777
141 843
347 591
818 763
231 191
859 583
181 568
888 508
201 113
296 805
935 129
560 792
879 37
627 148
790 143
67 740
732 568
879 498
772 489
862 580
170 867
537 561
187 646
13 464
110 882
497 263
696 721
78 22
481 376
274 160
134 110
305 659
662 669
904 902
694 772
434 581
995 269
217 762
738 411
541 257
584 104
933 543
955 774
748 511
123 48
926 335
925 698
960 360
327 852
253 742
874 493
117 530
352 992
791 583
143 816
19 995
681 925
690 73
879 656
242 497
960 527
314 533
983 100
487 419
949 234
998 677
920 410
631 974
121 973
418 674
930 778
302 938
364 113
210 457
908 975
974 777
553 842
408 139
924 11
256 133
896 426
529 576
850 766
645 346
187 948
973 64
838 710
356 435
414 762
371 767
147 757
57 843
333 303
592 434
475 690
565 804
751 70
177 40
521 204
262 170
598 130
773 290
453 479
100 326
847 890
91 645
754 710
998 139
588 147
124 520
901 194
412 283
609 434
795 282
299 285
410 283
278 135
156 511
627 269
938 182
34 781
70 782
577 896
955 840
977 270
347 126
686 130
134 506
99 829
844 136
99 396
216 993
871 363
15 581
289 968
612 923
333 634
469 146
238 727
648 389
889 808
550 351
591 430
362 830
116 115
339 637
808 242
714 953
167 50
544 589
450 970
281 516
361 149
301 189
876 955
978 906
413 486
45 960
45 769
507 734
899 239
202 468
954 714
992 685
750 165
13 945
311 81
370 964
373 510
985 936
135 121
942 940
448 329
896 519
88 386
38 910
861 574
605 931
366 542
780 223
612 481
614 903
320 256
617 651
220 245
416 792
755 721
464 512
822 256
171 299
973 783
931 516
605 430
164 699
154 669
108 600
779 396
860 152
935 799
717 292
227 14
592 622
571 203
915 648
34 777
898 660
829 319
955 337
885 642
522 795
123 637
35 252
391 48
600 766
823 199
186 98
543 895
388 153
554 322
399 431
379 500
333 255
398 103
644 680
17 767
166 343
900 118
593 562
410 257
287 306
219 775
44 342
373 422
964 748
947 78
196 237
182 797
992 984
622 764
509 724
702 335
607 959
826 499
259 477
483 780
321 467
495 200
78 472
638 121
90 410
907 100
631 714
860 79
6 114
215 87
393 656
215 876
869 118
281 81
588 158
862 416
355 931
226 278
95 306
895 343
225 909
925 13
608 352
476 852
587 633
625 778
460 359
382 520
913 318
392 116
56 719
837 102
424 18
205 227
194 741
882 831
110 308
699 31
142 587
455 903
538 35
415 495
790 506
362 957
142 343
899 591
93 777
700 29
432 504
324 809
710 394
845 470
566 881
283 448
222 163
955 400
110 198
781 817
6 553
236 901
359 120
161 8
827 968
728 201
258 800
550 616
48 431
83 676
427 995
299 340
806 764
188 842
359 553
204 623
473 847
903 274
313 577
628 185
940 80
193 232
520 311
72 406
858 286
187 63
969 365
589 376
613 42
526 208
232 998
698 184
749 637
925 744
200 508
237 111
627 32
629 723
627 655
800 58
767 103
540 277
68 248
778 754
49 535
405 972
679 902
511 181
565 383
564 679
275 775
968 169
804 682
211 36
979 447
712 798
180 112
567 789
10 307
37 221
150 960
32 933
115 809
451 578
43 417
533 878
372 177
9 834
908 493
293 680
150 13
843 427
824 832
665 142
125 886
937 251
952 299
249 596
63 872
524 308
277 459
14 983
173 956
280 258
485 870
233 454
554 780
607 543
637 339
224 786
366 312
649 851
27 896
437 155
895 252
709 836
177 491
112 23
889 23
736 806
838 824
328 395
185 459
54 758
479 395
109 51
560 736
395 219
964 140
130 90
605 554
807 575
973 598
424 566
304 200
238 365
864 184
692 250
521 497
607 633
631 854
89 753
361 272
881 251
340 332
28 101
11 481
605 901
568 996
916 31
660 317
306 148
698 905
864 609
659 441
445 595
973 801
467 912
104 384
625 794
793 22
737 141
535 489
159 269
5 60
838 119
294 389
801 493
855 269
230 489
370 158
858 109
550 478
41 521
319 722
591 507
766 562
677 543
428 161
19 455
353 419
671 366
163 496
128 241
125 205
912 120
595 845
527 435
950 306
446 849
340 730
193 99
516 238
502 607
873 757
103 204
718 47
860 874
479 447
218 626
431 290
175 939
369 774
37 217
480 994
816 524
657 433
742 230
876 127
668 544
961 921
234 173
20 450
977 146
466 486
470 828
583 866
99 575
676 135
319 365
199 584
399 245
922 970
593 6
794 765
714 591
250 863
30 245
58 319
95 391
318 500
364 494
45 468
815 886
149 302
795 586
645 522
636 393
897 392
627 934
701 808
330 923
715 435
647 811
665 433
199 430
540 171
854 433
698 346
975 822
547 706
587 684
548 567
690 520
389 132
857 535
225 261
405 589
686 374
941 538
0 827
115 57
73 890
430 33
693 126
484 195
918 616
962 781
326 557
323 708
996 348
518 186
141 975
663 980
506 97
59 976
158 701
589 326
811 870
863 85
123 735
280 413
250 203
291 677
820 683
159 698
461 949
810 381
497 801
246 504
890 895
800 6
777 815
932 16
734 887
118 851
89 104
64 679
507 857
811 482
833 351
484 592
926 829
812 244
520 445
875 663
979 640
947 276
745 286
151 994
610 710
56 972
458 501
561 301
11 884
333 687
339 360
90 917
732 339
306 489
47 464
18 129
882 626
605 0
867 702
32 903
311 746
616 411
126 243
670 990
319 753
306 32
771 37
495 9
590 703
119 63
214 367
631 132
229 771
519 970
912 772
833 261
3 992
253 558
610 917
737 159
137 166
690 684
597 293
472 488
548 894
153 864
772 85
630 594
454 785
553 754
339 171
487 198
132 483
633 280
917 901
754 663
199 803
904 34
25 916
283 878
377 237
945 769
504 177
798 869
87 222
14 987
827 22
368 876
109 289
96 128
487 918
550 218
283 582
735 626
458 530
315 896
864 52
497 131
607 656
516 405
556 330
864 942
538 883
335 787
538 325
988 775
689 74
737 531
155 448
299 786
673 295
249 638
146 726
172 807
244 505
724 830
502 778
674 603
605 164
476 397
605 194
290 711
25 116
267 552
872 466
841 639
268 771
990 805
746 124
168 298
0 689
298 852
175 633
249 835
725 38
336 999
521 993
773 451
996 859
745 518
720 753
382 447
121 331
366 549
826 226
218 155
765 805
910 681
501 910
320 142
337 246
613 58
119 603
572 742
647 671
982 697
753 916
795 343
350 566
272 260
63 462
811 640
43 554
751 572
34 158
128 977
593 85
289 290
330 553
402 564
246 95
468 422
280 28
933 458
696 81
731 223
364 367
48 461
633 725
101 385
276 629
802 996
11 403
838 991
250 46
9 380
299 626
778 488
231 191
872 804
609 13
377 792
361 319
192 588
826 654
397 845
331 854
190 490
435 863
701 62
260 653
472 903
760 802
189 198
280 913
288 781
594 107
376 357
708 535
757 122
8 412
397 570
307 390
716 185
800 627
679 601
640 943
551 297
734 922
238 983
649 714
237 642
902 434
409 336
523 949
312 829
230 806
957 530
483 521
621 688
392 416
153 92
299 244
508 420
17 317
820 967
951 393
342 35
455 840
695 388
162 764
713 431
281 970
121 416
612 804
356 390
256 743
308 869
87 814
804 821
721 364
803 919
688 537
679 777
685 395
70 43
234 515
95 793
402 167
890 563
246 531
331 379
672 525
523 293
881 477
312 285
300 304
361 836
277 859
981 704
643 929
851 305
86 457
896 88
67 698
301 469
406 905
20 761
333 455
737 568
758 630
316 375
904 525
203 194
354 126
382 653
929 360
524 222
813 326
924 310
685 612
648 910
170 340
856 266
162 758
551 129
913 593
575 936
804 39
432 137
990 496
954 791
49 3
150 405
720 828
148 108
549 688
72 940
983 435
383 804
278 560
568 83
213 48
898 792
5 43
2 925
391 347
542 835
737 535
561 134
711 29
78 209
207 607
192 112
333 413
215 633
818 752
340 765
734 702
401 226
720 24
521 810
268 463
690 297
183 818
221 608
430 341
798 352
206 135
989 488
240 627
332 65
393 21
959 446
467 38
153 625
367 415
203 147
160 157
929 959
338 131
176 774
935 217
903 765
996 399
3 399
31 960
227 653
387 988
629 669
442 562
107 962
577 576
935 224
236 935
84 301
980 249
49 866
665 118
170 17
374 316
97 972
840 280
518 512
770 858
265 798
276 794
455 115
487 729
827 280
416 781
571 242
79 135
983 600
489 849
442 550
924 259
613 290
632 292
150 275
203 25
839 346
813 445
158 638
692 782
454 471
510 86
999 69
477 764
815 311
507 199
578 52
368 18
817 713
629 474
691 956
176 331
950 350
297 779
161 452
512 597
845 165
888 505
832 156
554 981
957 403
787 613
475 678
969 307
284 269
417 397
880 92
517 468
784 890
885 104
89 587
455 579
668 196
936 443
407 596
568 533
625 719
709 999
152 827
395 844
116 331
382 576
739 565
515 686
286 632
196 368
524 845
746 325
821 275
492 847
121 907
491 204
411 991
791 485
788 437
855 510
244 583
235 629
741 860
255 137
118 667
217 802
675 362
674 137
112 866
473 422
499 755
794 547
104 231
795 675
729 194
371 341
875 759
671 436
722 649
661 517
398 513
496 972
810 696
598 262
339 638
196 189
450 886
971 446